DEMs/island.asc
ncols        30
nrows        30
xllcorner    -2.425000000000
yllcorner    49.362500000000
cellsize     0.004166666667
NODATA_value -32767
 -9 -15 -23 -26 -31 -34 -36 -36 -37 -38 -37 -36 -37 -37 -37 -37 -37 -38 -38 -39 -39 -40 -39 -41 -42 -41 -39 -40 -40 -38
 -13 -20 -26 -29 -34 -36 -36 -36 -37 -38 -37 -36 -37 -37 -37 -37 -37 -37 -37 -38 -39 -39 -40 -40 -41 -41 -38 -38 -39 -40
 -16 -25 -27 -30 -36 -37 -37 -37 -37 -37 -37 -37 -37 -37 -36 -36 -36 -36 -37 -37 -38 -39 -40 -39 -39 -39 -37 -39 -41 -43
 -21 -24 -23 -23 -36 -37 -38 -38 -37 -37 -37 -38 -37 -36 -36 -36 -36 -36 -36 -37 -38 -39 -39 -37 -34 -34 -36 -41 -43 -44
 -24 -24 -24 -25 -38 -39 -39 -38 -36 -36 -37 -37 -36 -36 -36 -35 -35 -36 -36 -36 -36 -38 -39 -37 -31 -28 -33 -43 -44 -45
 -28 -30 -31 -36 -40 -40 -39 -38 -37 -36 -38 -37 -36 -36 -36 -35 -35 -34 -34 -34 -35 -37 -38 -36 -29 -26 -32 -44 -45 -45
 -31 -36 -38 -40 -40 -40 -39 -38 -38 -37 -37 -37 -36 -37 -36 -35 -34 -33 -31 -32 -34 -35 -37 -35 -27 -24 -33 -43 -45 -45
 -37 -39 -40 -40 -40 -40 -39 -39 -38 -37 -37 -37 -36 -34 -32 -33 -33 -32 -31 -31 -31 -33 -35 -35 -31 -29 -34 -42 -44 -45
 -40 -41 -40 -40 -40 -40 -40 -38 -37 -36 -36 -37 -35 -30 -24 -19 -19 -26 -29 -29 -29 -30 -32 -35 -37 -37 -38 -42 -44 -44
 -41 -41 -41 -41 -40 -40 -39 -37 -36 -35 4 9 14 20 25 24 16 5 -22 -19 -23 -28 -29 -32 -36 -40 -40 -42 -44 -43
 -42 -41 -41 -40 -40 -39 -38 -37 3 9 15 23 33 41 61 71 61 23 7 -12 -15 -22 -24 -29 -34 -41 -42 -43 -44 -42
 -42 -42 -41 -40 -39 -38 -36 2 8 15 22 32 44 40 80 96 88 36 18 4 -12 -17 -20 -28 -35 -42 -43 -43 -40 -36
 -42 -42 -42 -40 -35 -33 -30 4 11 18 26 37 49 70 95 100 97 91 79 45 -10 -14 -17 -25 -37 -43 -44 -41 -33 -30
 -39 -36 -41 -41 -37 -33 -30 8 20 28 27 30 71 92 99 97 94 90 76 38 1 -15 -18 -22 -29 -40 -43 -34 -27 -28
 -38 -35 -40 -42 -41 -39 -35 4 10 16 24 33 52 69 85 85 68 61 52 9 1 -17 -20 -24 -28 -38 -42 -28 -24 -26
 -37 -36 -41 -42 -41 -41 -38 -30 6 12 18 25 33 40 69 58 27 30 16 11 -13 -17 -21 -29 -37 -41 -40 -29 -25 -24
 -41 -39 -40 -39 -41 -41 -39 -33 1 6 11 36 51 60 32 32 26 17 7 -15 -16 -21 -27 -36 -43 -44 -41 -32 -27 -27
 -44 -43 -41 -39 -41 -40 -38 -29 -16 -15 29 59 76 63 15 13 10 5 -17 -16 -19 -25 -32 -42 -45 -45 -42 -38 -37 -38
 -45 -44 -43 -42 -41 -40 -40 -34 -22 -20 -16 28 42 2 2 -9 -15 -17 -19 -22 -30 -35 -39 -44 -46 -45 -45 -45 -47 -47
 -45 -43 -41 -41 -42 -43 -44 -42 -38 -31 3 -6 -11 -15 -10 -16 -14 -14 -19 -26 -41 -43 -45 -46 -46 -47 -47 -48 -48 -48
 -44 -42 -42 -43 -43 -43 -44 -46 -45 -39 -23 -14 -19 7 -11 -45 -22 -28 -32 -34 -44 -46 -47 -48 -48 -48 -49 -48 -49 -49
 -40 -41 -40 -41 -40 -39 -41 -44 -47 -45 -39 -36 -38 -35 -35 -44 -40 -45 -46 -45 -48 -49 -50 -51 -50 -50 -50 -50 -50 -50
 -42 -41 -41 -40 -40 -41 -42 -44 -46 -47 -48 -48 -48 -48 -48 -49 -48 -48 -50 -50 -51 -52 -52 -52 -52 -51 -51 -50 -51 -50
 -46 -45 -45 -45 -45 -44 -44 -46 -47 -47 -48 -49 -50 -50 -50 -50 -50 -50 -51 -52 -52 -52 -52 -52 -52 -52 -51 -51 -51 -51
 -47 -47 -47 -47 -47 -46 -45 -47 -48 -48 -49 -49 -50 -50 -50 -50 -51 -51 -51 -52 -52 -52 -52 -52 -52 -51 -51 -52 -52 -52
 -48 -47 -47 -47 -46 -45 -45 -46 -46 -47 -48 -49 -49 -49 -49 -50 -50 -50 -50 -50 -49 -47 -46 -48 -49 -50 -51 -52 -53 -53
 -45 -44 -42 -46 -46 -45 -45 -45 -45 -46 -47 -49 -49 -49 -50 -49 -48 -47 -47 -47 -47 -45 -45 -48 -50 -51 -52 -53 -53 -54
 -49 -47 -47 -46 -45 -45 -45 -46 -48 -48 -49 -50 -50 -50 -50 -49 -47 -46 -47 -48 -49 -49 -49 -51 -52 -52 -53 -54 -54 -55
 -49 -47 -47 -48 -48 -48 -48 -50 -50 -51 -51 -51 -50 -50 -50 -49 -49 -49 -49 -50 -51 -51 -51 -52 -51 -51 -52 -53 -53 -54
 -50 -48 -46 -50 -50 -50 -50 -50 -51 -50 -50 -50 -50 -49 -49 -49 -49 -49 -49 -49 -49 -49 -50 -50 -49 -50 -51 -51 -51 -52
