raw_DEMs/strait.asc
ncols        36
nrows        36
xllcorner    -1.133333333333
yllcorner    45.525000000000
cellsize     0.004166666667
NODATA_value -32767
 17 12 15 22 30 33 30 27 27 27 26 23 21 11 6 19 24 24 25 30 31 28 25 30 35 33 32 28 22 19 17 16 17 15 13 7
 17 15 15 21 30 37 36 33 33 34 32 30 25 12 6 11 14 20 26 27 21 22 27 29 28 25 31 26 17 14 12 10 9 9 9 9
 15 16 21 21 23 31 37 36 34 34 30 28 26 22 19 16 14 14 14 15 15 16 18 24 27 25 27 26 18 13 10 10 10 12 14 12
 14 14 16 22 24 26 32 39 36 31 27 28 27 25 22 21 21 21 20 20 25 27 28 30 32 32 32 33 26 18 14 12 14 16 15 12
 -3 13 16 19 21 23 27 32 28 21 22 23 25 25 25 24 25 24 21 22 24 24 27 30 31 33 33 33 28 21 17 16 16 17 19 20
 -12 -10 12 16 18 19 20 21 16 11 13 17 21 23 23 22 24 25 23 22 24 24 25 28 30 30 32 33 28 23 19 18 20 19 19 23
 -20 -17 -15 -13 9 11 16 19 19 16 13 18 18 14 14 16 15 18 20 21 19 18 20 23 27 28 28 26 24 18 13 10 9 11 14 17
 -21 -22 -22 -20 -21 -22 -18 -15 20 23 14 14 17 12 12 9 11 16 19 14 12 17 23 26 28 26 22 17 15 14 8 7 3 6 11 15
 -17 -19 -20 -21 -22 -22 -22 -22 -22 -20 -5 12 14 11 15 18 20 19 14 9 9 14 18 22 24 22 19 17 11 8 6 5 2 5 6 7
 -13 -14 -14 -15 -18 -19 -21 -22 -22 -22 -22 -20 -17 8 12 14 20 22 15 7 7 10 12 20 22 25 19 12 4 1 2 4 3 3 3 3
 -12 -12 -12 -13 -14 -14 -16 -17 -19 -19 -20 -20 -18 -18 -17 -15 12 18 18 10 7 12 16 17 18 21 15 9 5 3 4 9 11 15 18 16
 -11 -12 -12 -13 -13 -14 -14 -14 -15 -16 -16 -17 -18 -18 -18 -18 -16 10 -20 10 16 22 22 19 13 13 10 6 5 9 14 16 21 22 20 21
 -10 -11 -12 -12 -13 -13 -14 -14 -15 -16 -16 -15 -16 -16 -17 -19 -19 -18 -19 7 13 18 23 23 14 2 5 7 11 15 17 14 14 12 6 4
 -9 -9 -10 -10 -12 -13 -13 -14 -15 -17 -17 -16 -16 -15 -15 -16 -17 -18 -19 -19 -19 9 12 -22 -10 -1 2 6 9 12 11 7 4 2 2 1
 -8 -9 -10 -9 -11 -12 -13 -14 -15 -16 -16 -16 -17 -17 -16 -16 -15 -16 -17 -18 -19 -18 -16 -16 -12 -7 -3 1 6 8 9 8 9 8 7 8
 -7 -8 -8 -9 -10 -11 -12 -13 -15 -15 -16 -16 -17 -18 -18 -18 -17 -17 -17 -18 -16 -16 -16 -15 -13 -10 -8 -5 -2 8 9 12 14 15 14 18
 -6 -7 -7 -9 -9 -10 -12 -13 -13 -14 -14 -15 -17 -18 -19 -20 -19 -19 -19 -17 -14 -13 -13 -11 -10 -11 -12 -10 7 14 16 9 8 11 15 17
 -5 -6 -7 -8 -9 -10 -11 -12 -13 -13 -14 -15 -16 -16 -18 -20 -20 -21 -21 -20 -16 -13 -11 -9 -11 -11 -12 -13 11 17 16 9 8 10 11 10
 -5 -6 -7 -8 -9 -10 -11 -12 -13 -15 -16 -18 -20 -19 -19 -21 -20 -22 -23 -23 -21 -16 -10 -9 -11 -12 -11 -13 -14 -11 -6 -4 6 11 14 15
 -6 -7 -8 -8 -9 -9 -10 -11 -13 -13 -15 -18 -19 -20 -20 -18 -18 -19 -19 -21 -23 -21 -15 -10 -10 -13 -8 -11 -13 -11 -9 -8 -3 1 12 14
 -7 -8 -8 -9 -9 -9 -9 -9 -10 -10 -10 -13 -14 -14 -14 -12 -12 -13 -14 -19 -23 -26 -22 -16 -12 -10 -7 -9 -9 -8 -9 -7 -4 -2 11 14
 -7 -8 -8 -9 -9 -8 -8 -9 -9 -8 -7 -8 -8 -8 -9 -9 -10 -10 -12 -16 -23 -27 -27 -22 -17 -14 -11 -10 -9 -8 -8 -7 -5 -3 12 16
 -8 -8 -8 -8 -8 -7 -7 -8 -8 -7 -7 -7 -7 -7 -8 -7 -8 -10 -14 -17 -22 -25 -28 -25 -22 -19 -16 -13 -12 -10 -9 -8 -6 14 20 26
 -7 -7 -7 -7 -7 -7 -7 -7 -8 -8 -8 -9 -8 -7 -6 -6 -8 -12 -16 -16 -20 -22 -24 -24 -23 -23 -20 -18 -17 -14 -12 -10 -9 -7 -2 21
 -6 -6 -7 -6 -6 -6 -6 -7 -9 -9 -9 -7 -6 -4 -3 -3 -5 -8 -8 -12 -15 -16 -18 -19 -21 -22 -22 -23 -22 -19 -15 -14 -12 -9 -5 -3
 -6 -6 -6 -6 -6 -6 -7 -8 -9 -8 -5 -3 -2 -1 -1 -3 -7 -13 -11 -10 -11 -12 -14 -15 -16 -18 -20 -23 -23 -22 -19 -18 -16 -13 -10 -8
 -6 -6 -6 -5 -5 -7 -7 -7 -6 -4 -2 2 6 10 11 10 -1 -1 -5 -9 -10 -11 -13 -13 -13 -15 -17 -21 -23 -22 -22 -20 -19 -17 -16 -14
 -6 -6 -6 -6 -6 -7 -7 -6 -3 3 6 9 10 7 5 5 2 1 -3 -7 -9 -11 -13 -13 -12 -12 -13 -15 -18 -21 -22 -22 -21 -20 -21 -19
 -6 -6 -6 -6 -6 -6 -6 -5 8 10 12 10 8 6 2 2 4 2 -2 -5 -7 -10 -13 -14 -12 -10 -11 -11 -14 -16 -19 -22 -22 -21 -21 -20
 -6 -6 -7 -6 -6 -6 -6 -5 12 15 14 10 8 10 9 4 5 4 -1 -3 -4 -8 -11 -12 -11 -11 -10 -11 -11 -12 -12 -16 -19 -20 -20 -19
 -7 -7 -6 -6 -6 -6 -6 -5 14 17 21 12 11 9 10 8 7 5 4 -1 -2 -4 -9 -11 -10 -9 -9 -10 -10 -10 -9 -10 -12 -15 -17 -17
 -7 -6 -6 -6 -6 -6 -5 13 13 11 9 7 6 5 7 7 5 3 4 4 4 -7 -14 -17 -11 -9 -9 -9 -11 -10 -10 -9 -8 -9 -11 -13
 -6 -6 -5 -5 -6 -6 4 10 8 3 3 2 2 1 1 2 2 2 3 3 -4 -7 -11 -12 -11 -10 -9 -8 -10 -11 -11 -10 -9 -8 -7 -7
 -6 -5 -6 -5 -5 7 10 10 4 2 2 1 1 1 1 2 3 1 1 1 -3 -4 -3 -6 -8 -9 -8 -8 -9 -11 -11 -12 -11 -10 -9 -8
 -6 -6 -6 -5 9 13 9 3 2 1 1 1 1 1 2 3 -1 -1 -1 -2 -3 -2 -3 -3 -5 -6 -7 -7 -8 -9 -10 -12 -12 -11 -10 -10
 -6 -6 -5 5 8 13 7 2 1 1 1 1 1 1 2 2 -1 1 -2 -2 -3 -2 -2 -2 -4 -5 -6 -6 -7 -7 -8 -10 -11 -12 -12 -11
