data/raw_DEMs/river.asc
ncols        66
nrows        66
xllcorner    -125.766666666667
yllcorner    50.683333333333
cellsize     0.004166666667
NODATA_value -32767
 1185 1042 913 877 772 536 319 183 131 132 196 320 440 547 683 820 977 991 884 931 1161 1295 1341 1425 1453 1334 1297 1373 1427 1274 1043 750 544 516 493 424 365 342 368 470 536 578 520 326 182 55 -214 -327 -342 -343 -343 -346 -347 -349 -349 -358 -358 -358 -353 -355 -315 -134 80 164 313 486
 1244 1152 1104 1118 1073 901 673 449 271 137 107 146 224 353 531 646 649 630 668 797 964 1114 1236 1355 1454 1476 1476 1570 1545 1292 1038 812 734 822 910 827 724 737 789 881 852 688 466 355 386 342 219 151 158 194 193 -278 -354 -355 -355 -359 -366 -360 -357 -358 -359 -327 -117 107 214 362
 1418 1355 1323 1307 1193 1015 850 687 461 241 122 93 122 188 289 400 520 672 816 896 1016 1171 1294 1300 1314 1378 1494 1591 1493 1232 943 795 895 1063 1174 1249 1215 1123 1028 911 764 615 503 588 644 613 467 433 528 502 444 346 -158 -311 -358 -365 -372 -361 -362 -363 -363 -366 -315 114 223 327
 1491 1429 1390 1319 1215 1086 941 743 565 432 255 118 104 152 232 354 480 616 739 856 965 1005 1029 1058 1139 1283 1441 1555 1425 1092 867 788 890 1096 1285 1356 1232 1041 892 804 729 628 669 845 974 1018 977 916 847 769 656 419 139 -173 -332 -365 -370 -369 -369 -369 -368 -369 -369 77 177 340
 1364 1232 1134 1061 1003 928 819 768 814 790 560 288 135 103 123 219 413 596 716 778 850 906 961 1054 1180 1330 1501 1546 1335 1110 964 908 995 1135 1274 1324 1227 1139 1066 967 848 836 962 1098 1179 1189 1150 1069 984 906 749 503 229 -110 -281 -370 -376 -374 -374 -372 -374 -372 -369 66 100 151
 1383 1240 1125 1036 965 899 856 935 1073 1049 794 522 275 120 75 97 253 529 790 890 1004 1131 1180 1227 1309 1428 1563 1549 1365 1244 1162 1124 1147 1230 1344 1427 1405 1347 1297 1190 1096 1107 1155 1183 1149 1098 1033 952 874 785 622 437 295 -129 -258 -372 -383 -377 -377 -377 -377 -377 68 182 294 264
 1567 1452 1351 1253 1131 1087 1098 1145 1227 1152 857 600 393 174 65 58 150 380 635 747 844 1025 1176 1268 1339 1401 1506 1578 1514 1426 1357 1315 1320 1367 1451 1545 1575 1543 1510 1454 1376 1259 1165 1098 1018 948 868 798 726 599 430 277 26 -197 -342 -380 -382 -380 -381 -382 58 151 51 166 417 492
 1492 1509 1469 1405 1299 1228 1235 1257 1268 1154 1037 948 764 421 140 56 76 213 409 532 614 713 842 987 1102 1200 1330 1438 1447 1444 1451 1454 1506 1567 1604 1578 1488 1395 1340 1315 1294 1271 1198 1097 971 849 765 705 597 430 253 137 -168 -331 -386 -385 -389 -382 -384 74 100 165 241 474 874 907
 1254 1268 1224 1165 1111 1077 1066 1080 1154 1190 1154 1021 822 541 233 86 47 56 131 243 354 485 608 738 876 1020 1212 1337 1294 1276 1332 1396 1443 1468 1477 1456 1385 1254 1121 1039 1006 1007 998 982 947 860 748 606 459 318 173 -76 -255 -345 -391 -391 -387 -388 22 156 367 642 798 926 1091 1168
 962 960 916 828 733 669 625 622 694 773 841 835 655 427 284 248 154 64 45 67 121 218 337 477 627 785 941 1054 1029 1010 1122 1252 1195 1024 1018 1111 1136 1039 875 716 691 767 762 726 708 661 491 282 197 3 -144 -153 -380 -397 -396 -392 -392 -395 119 257 572 854 1040 1155 1229 1316
 706 671 606 525 470 449 430 395 377 383 427 447 375 315 399 572 510 266 105 51 37 57 98 164 278 434 607 737 784 891 1081 1191 1088 820 663 712 741 662 541 419 426 584 709 682 581 447 299 160 24 -158 -405 -400 -397 -396 -397 -397 -398 75 173 344 567 795 1021 1232 1407 1522
 560 513 495 476 474 522 501 468 460 412 348 312 319 390 601 806 764 612 404 208 85 43 38 48 80 164 334 523 730 895 967 924 802 634 440 375 396 338 231 150 207 365 541 667 636 422 250 126 -50 -353 -403 -401 -401 -402 -403 -404 -393 72 142 282 478 674 869 1075 1312 1533
 667 670 713 791 886 897 771 702 710 716 663 568 572 730 947 1020 917 752 596 450 273 165 83 35 32 63 178 370 531 608 587 513 417 317 237 197 203 195 -91 -166 119 207 305 372 376 331 270 142 -114 -371 -406 -405 -405 -406 -408 -409 79 130 215 306 433 581 756 945 1122 1293
 1265 1298 1343 1358 1312 1235 1153 1133 1072 996 859 755 839 989 1110 1033 883 772 690 637 539 486 339 142 60 31 47 138 246 236 175 136 114 -107 -193 -85 -149 -129 -173 -185 -114 129 -72 -59 119 114 126 100 -48 -132 -416 -409 -410 -411 -412 -410 69 131 258 415 545 638 724 844 1001 1120
 1428 1583 1662 1608 1504 1446 1415 1375 1329 1319 1226 1044 1000 1065 1167 1134 1028 987 947 852 760 740 571 309 188 99 45 33 82 108 67 -51 -75 -113 -201 -299 -340 -416 -446 -439 -393 -276 -284 -290 -218 -156 -213 -251 -253 -396 -419 -415 -415 -416 -412 43 101 208 338 474 605 705 742 717 741 827
 1249 1454 1592 1612 1589 1513 1396 1290 1265 1311 1376 1351 1288 1284 1328 1335 1247 1198 1114 1037 984 878 688 518 444 369 274 124 40 54 66 -66 -165 -296 -406 -448 -447 -453 -449 -447 -446 -443 -439 -435 -432 -430 -429 -430 -428 -424 -423 -422 -421 -419 -352 48 94 198 332 467 619 756 829 758 678 649
 1357 1341 1349 1369 1402 1405 1334 1234 1176 1171 1260 1366 1431 1471 1456 1360 1242 1142 1101 1106 993 838 770 697 602 476 400 308 169 85 57 -135 -101 -286 -456 -460 -458 -454 -452 -450 -447 -444 -441 -437 -433 -430 -430 -429 -429 -428 -428 -425 -424 -422 -337 -161 66 161 312 490 688 907 1066 1061 972 843
 1384 1295 1240 1189 1170 1159 1086 1017 988 999 1057 1180 1303 1337 1276 1128 947 791 778 791 683 547 490 393 343 331 291 274 180 87 43 -127 -111 -310 -444 -464 -460 -458 -455 -452 -449 -446 -443 -441 -438 -437 -435 -434 -434 -433 -430 -430 -427 -400 -293 53 108 209 353 545 770 1003 1212 1268 1150 964
 1314 1379 1403 1353 1234 1114 973 821 737 735 824 968 1090 1153 1129 947 737 543 450 432 349 265 235 271 217 -176 -162 -118 -85 -71 -150 -237 -408 -458 -467 -468 -463 -462 -459 -457 -454 -451 -448 -445 -442 -441 -440 -438 -433 -431 -432 -432 -427 -363 -199 72 170 306 443 597 793 1029 1253 1259 1105 1043
 1244 1364 1454 1441 1327 1208 1091 953 792 654 620 691 809 924 973 849 667 474 295 169 105 37 -56 -80 -63 -99 -318 -388 -465 -484 -480 -476 -476 -477 -477 -475 -474 -474 -468 -464 -459 -456 -454 -450 -448 -445 -442 -438 -433 -429 -430 -427 -368 -259 46 84 170 307 481 637 782 998 1218 1292 1251 1254
 1014 1189 1316 1325 1313 1263 1165 1056 960 840 663 556 546 629 788 847 754 591 399 218 138 63 -142 -237 -376 -455 -470 -480 -484 -482 -481 -480 -480 -479 -475 173 171 147 -189 -326 -389 -407 -428 -425 -447 -445 -443 -439 -436 -425 -408 -341 23 42 71 116 189 302 454 642 827 997 1220 1434 1485 1461
 877 1010 1043 1027 1065 1178 1245 1212 1191 1112 929 727 558 479 513 600 633 585 468 299 147 99 8 -458 -489 -490 -490 -488 -487 -486 -483 -482 -472 -465 -373 289 344 324 285 201 128 122 232 223 204 143 -290 -313 -347 -288 -279 36 54 79 108 154 219 312 444 612 823 1054 1324 1526 1570 1475
 665 710 757 849 994 1163 1250 1183 1089 981 877 797 718 596 477 424 407 376 312 247 165 114 1 -397 -493 -493 -492 -490 -489 -487 -484 -428 -242 93 177 422 545 455 454 470 391 508 624 605 547 378 289 288 202 117 100 88 85 111 139 176 237 331 466 652 862 1091 1330 1418 1344 1233
 378 426 510 627 761 942 1125 1141 1044 952 949 945 866 726 679 624 499 368 223 124 36 -183 -294 -480 -497 -495 -494 -492 -491 -466 -373 183 268 299 340 500 692 713 612 527 499 651 738 667 596 550 720 713 600 453 315 218 175 168 188 224 277 353 473 652 865 1096 1271 1243 1124 1000
 327 302 309 365 469 635 852 1083 1210 1203 1118 1011 922 890 897 745 530 362 212 -23 -157 -444 -494 -498 -498 -496 -495 -493 90 158 278 422 518 560 607 696 821 906 862 727 670 643 631 632 605 637 920 1065 1003 869 690 463 319 267 272 298 346 417 510 649 837 1042 1180 1144 1018 921
 699 550 358 280 316 443 625 824 1039 1232 1277 1207 1145 1097 962 795 645 421 201 -27 -174 -466 -500 -500 -499 -498 -497 -496 148 262 449 641 770 823 849 910 991 1041 982 925 922 863 764 690 649 660 780 1044 1198 1166 980 704 505 417 394 416 469 543 617 708 844 1017 1211 1303 1232 1143
 901 687 429 275 269 407 656 910 1127 1278 1401 1387 1280 1142 977 820 648 444 246 -20 -231 -500 -502 -502 -501 -500 -499 -500 -363 219 443 699 894 1008 1040 1096 1184 1218 1181 1160 1150 1085 973 864 786 728 740 833 998 1142 1149 976 741 605 587 600 633 713 789 875 1001 1213 1484 1557 1473 1417
 751 496 306 231 299 511 761 988 1144 1127 1149 1238 1255 1149 994 844 676 483 268 121 -235 -499 -504 -504 -504 -503 -503 -503 -486 181 394 678 892 998 1083 1233 1354 1420 1418 1410 1383 1247 1118 1065 1013 954 930 937 982 1064 1168 1156 1010 918 898 911 959 1015 1069 1207 1394 1682 1847 1777 1700 1638
 694 456 301 232 309 556 761 861 947 896 843 964 1129 1154 993 819 685 569 397 194 -170 -388 -506 -505 -506 -505 -505 -495 -385 198 386 625 760 823 998 1227 1422 1536 1548 1539 1477 1361 1299 1255 1196 1154 1144 1163 1205 1250 1319 1382 1359 1296 1286 1342 1413 1460 1423 1450 1651 1876 1889 1764 1677 1624
 684 464 309 228 231 341 469 511 570 617 673 864 1051 1128 1070 969 875 692 455 230 -73 -248 -508 -506 -507 -507 -506 -506 -451 125 226 386 545 724 951 1166 1340 1393 1317 1255 1287 1405 1510 1486 1389 1339 1336 1375 1423 1467 1525 1604 1679 1696 1659 1627 1597 1590 1590 1615 1682 1770 1733 1591 1458 1361
 672 554 416 302 231 203 210 234 270 335 477 622 777 955 1100 1092 956 765 481 166 -25 -246 -487 -507 -507 -508 -507 -508 -507 -377 79 172 432 756 959 1069 1171 1175 1059 1009 1054 1179 1363 1505 1563 1594 1607 1605 1632 1679 1735 1806 1870 1804 1655 1491 1355 1319 1327 1351 1403 1541 1603 1484 1329 1187
 901 822 631 473 412 370 287 228 182 174 218 316 464 661 871 1024 1051 838 492 216 75 -175 -421 -507 -508 -508 -508 -508 -508 -481 -285 100 223 485 746 883 906 810 764 864 944 1056 1196 1319 1427 1550 1678 1760 1801 1830 1853 1852 1838 1780 1669 1543 1416 1327 1277 1263 1285 1326 1323 1195 1050 942
 972 841 706 658 718 642 582 493 323 214 158 169 252 407 620 873 992 839 550 294 121 -218 -453 -505 -508 -509 -509 -509 -509 -510 -370 7 119 230 488 492 413 373 597 774 866 974 1092 1209 1316 1427 1542 1647 1724 1713 1652 1588 1578 1614 1630 1604 1479 1312 1133 1030 1018 1010 967 881 782 715
 1089 975 910 928 886 877 867 754 586 427 283 177 137 207 388 638 843 792 496 236 118 169 66 -495 -509 -508 -508 -509 -509 -510 -510 -511 -499 -361 19 148 109 325 591 747 861 958 1019 1082 1196 1338 1475 1606 1643 1511 1383 1344 1350 1403 1469 1523 1465 1326 1180 1061 941 834 759 705 685 713
 1235 1170 1083 1043 1004 1050 1049 1006 891 720 516 339 196 133 212 408 649 772 665 503 384 246 235 144 48 -509 -509 -509 -510 -510 -510 -510 -510 -509 -496 -378 57 243 450 675 763 742 730 888 1111 1313 1490 1586 1503 1334 1227 1192 1204 1250 1333 1448 1492 1374 1208 1072 924 769 709 765 872 998
 872 794 747 765 776 740 727 722 721 697 633 545 390 189 124 254 474 657 780 820 742 633 511 358 268 206 -306 -428 -482 -510 -510 -510 -510 -511 -502 -429 -342 -272 270 328 341 366 534 804 1054 1230 1307 1286 1210 1114 1036 1018 1070 1150 1246 1345 1370 1250 1134 1054 896 785 819 954 1135 1286
 666 643 741 748 655 554 474 425 407 376 354 335 275 179 100 127 274 480 688 929 1048 918 743 628 562 473 292 117 -274 -495 -478 -510 -511 -511 -512 -509 -501 -482 -365 54 107 323 602 805 920 942 901 877 859 835 820 841 887 938 1006 1104 1177 1222 1278 1286 1106 943 927 1027 1199 1379
 679 818 1074 1072 943 800 655 567 462 358 297 302 338 307 163 87 162 421 693 915 1094 1093 1041 979 857 626 340 160 7 -191 -367 -461 -510 -511 -511 -512 -512 -512 -505 -368 174 311 471 555 550 552 557 573 589 602 616 638 666 701 751 845 966 1084 1186 1274 1284 1199 1154 1201 1297 1409
 776 1012 1234 1245 1092 954 899 840 661 562 636 733 692 511 265 110 120 310 595 877 1069 1175 1203 1114 967 761 534 303 149 -150 -230 -351 -463 -511 -512 -512 -512 -512 -512 -496 -316 147 212 280 321 361 399 424 447 470 503 552 606 633 643 689 786 913 1047 1174 1272 1331 1352 1397 1475 1510
 881 1021 1200 1313 1271 1169 1053 918 832 914 998 823 705 614 393 186 98 175 360 565 811 1036 1177 1152 997 782 578 375 153 -74 -147 -281 -400 -510 -513 -512 -512 -512 -512 -501 -414 175 304 426 486 514 513 505 522 557 610 702 791 852 874 849 854 881 969 1133 1289 1439 1523 1571 1619 1633
 1059 1082 1187 1322 1422 1374 1216 1101 1069 1089 1022 913 797 648 469 266 127 84 145 311 561 781 970 984 860 741 596 401 186 21 -91 -237 -398 -513 -513 -512 -513 -513 -512 -470 118 250 455 654 796 858 811 770 782 813 852 915 1002 1094 1158 1153 1143 1147 1171 1274 1428 1416 1308 1321 1397 1514
 1345 1356 1410 1415 1338 1254 1186 1195 1250 1260 1099 854 732 681 586 458 289 123 73 152 365 542 692 768 723 648 553 394 197 -15 -69 -403 -512 -514 -513 -512 -513 -513 -507 48 165 283 437 631 853 1047 1069 1036 1044 1074 1108 1149 1216 1310 1404 1406 1344 1312 1282 1278 1338 1257 1187 1227 1308 1459
 1379 1452 1447 1350 1174 1072 1060 1116 1258 1247 1053 873 774 657 554 476 355 188 75 50 154 287 428 537 499 421 347 242 -86 -165 -378 -513 -514 -514 -513 -514 -514 -456 60 133 312 445 608 832 1035 1200 1294 1314 1324 1356 1393 1454 1528 1601 1639 1607 1581 1575 1493 1339 1192 1125 1170 1265 1351 1432
 1195 1239 1202 1162 1101 1064 1092 1198 1288 1214 1115 1066 1022 877 752 640 462 244 85 -30 -29 132 213 246 194 137 109 88 49 -170 -459 -514 -515 -514 -514 -514 -492 171 252 205 291 508 775 1090 1271 1395 1497 1550 1579 1581 1580 1613 1666 1659 1552 1482 1519 1590 1549 1405 1241 1119 1074 1085 1165 1282
 908 960 919 874 933 1068 1239 1387 1407 1301 1185 1088 993 877 706 512 347 219 -77 -195 -178 -216 -167 -162 -146 -155 -120 -83 -79 -75 -286 -513 -515 -515 -514 -514 -463 279 515 548 450 536 747 970 1153 1294 1369 1424 1452 1406 1395 1450 1529 1563 1473 1367 1364 1444 1520 1523 1413 1247 1122 1058 1051 1114
 560 607 637 741 926 1079 1209 1361 1423 1352 1246 1135 983 794 556 353 214 -57 -143 -447 -508 -503 -518 -492 -476 -385 -253 -155 -169 -281 -424 -514 -515 -515 -514 -514 -414 219 441 599 628 643 742 901 1044 1134 1172 1254 1295 1226 1224 1289 1376 1385 1277 1201 1203 1270 1385 1479 1420 1265 1103 1005 958 918
 342 365 450 597 760 914 1125 1350 1445 1373 1258 1053 763 485 282 170 10 -218 -253 -516 -516 -517 -516 -516 -516 -515 -515 -511 -507 -513 -515 -515 -515 -515 -514 -513 102 116 218 331 409 449 505 611 722 837 964 1096 1123 1044 1060 1149 1252 1239 1093 1005 1036 1152 1305 1440 1447 1372 1215 1005 829 727
 391 305 332 435 601 797 1006 1191 1316 1260 1126 932 673 390 247 61 -357 -435 -510 -516 -516 -517 -516 -516 -517 -516 -516 -516 -515 -515 -515 -515 -513 -512 13 141 172 289 314 295 311 321 346 399 482 577 690 809 835 840 943 1075 1165 1081 882 839 982 1163 1318 1354 1298 1298 1299 1188 962 767
 653 417 300 330 456 630 830 1063 1204 1125 977 809 642 482 339 221 -294 -469 -516 -516 -516 -517 -516 -516 -516 -516 -516 -516 -515 -510 -489 47 210 259 266 202 338 703 822 758 630 507 425 375 368 393 435 510 582 699 872 972 1011 958 779 766 948 1141 1252 1223 1100 1092 1143 1129 1030 832
 779 569 357 281 369 554 761 990 1089 972 770 562 374 231 151 -99 -223 -445 -516 -516 -516 -516 -516 -511 110 117 121 164 233 210 153 191 371 530 625 722 880 1073 1096 973 841 741 628 512 424 393 382 387 411 494 638 777 820 846 720 647 769 931 1020 1039 959 901 904 875 807 687
 724 540 377 283 332 545 799 925 847 673 460 291 173 186 69 -184 -348 -491 -516 -516 -515 -515 -515 -500 238 342 385 388 473 542 492 446 611 734 767 860 1012 1100 1105 1090 1057 992 886 682 518 488 500 461 401 380 407 455 505 551 516 487 542 638 711 742 746 720 692 653 600 533
 669 444 277 226 326 585 777 763 629 415 211 331 245 144 48 -519 -516 -516 -517 -516 -514 -510 -495 211 378 554 657 656 669 712 760 797 840 891 910 905 933 948 975 1037 1114 1111 965 748 587 602 680 695 602 484 418 388 370 347 331 334 351 381 403 404 404 429 449 449 406 329
 605 424 264 205 283 470 603 683 676 447 216 110 202 115 31 -516 -517 -510 -515 60 -461 -393 88 290 592 669 639 610 690 803 847 803 741 791 921 1008 1018 1000 992 1051 1136 1164 1063 890 673 592 694 833 884 792 640 527 464 420 361 322 300 289 287 278 268 253 245 241 225 220
 686 515 332 217 210 305 438 544 613 550 446 292 154 87 9 -517 -518 -278 -272 87 187 319 430 624 767 662 498 432 474 547 578 579 594 665 813 990 1130 1200 1215 1255 1288 1203 1036 877 697 602 683 839 966 958 822 663 581 605 622 566 480 410 373 367 373 344 272 210 177 163
 1014 833 602 364 213 187 253 387 529 565 506 337 164 49 -239 -428 -518 -263 -193 -186 165 335 548 654 635 549 443 499 616 708 739 703 658 642 698 836 979 1129 1268 1325 1232 1069 894 744 653 675 834 985 1000 874 720 687 724 731 754 796 797 740 700 623 516 490 445 315 177 109
 1033 916 762 581 406 257 179 239 395 495 499 346 158 -46 -168 -376 -514 -517 -444 -352 -180 144 277 410 408 330 330 457 674 883 1025 1042 964 889 851 890 969 1099 1243 1291 1171 979 805 716 745 884 1046 1071 913 742 725 844 900 848 785 773 794 804 796 722 597 497 424 295 174 112
 782 834 876 841 731 506 271 178 242 377 435 332 165 -41 -104 -331 -512 -512 -508 -443 -272 103 165 200 223 287 412 596 840 1072 1210 1269 1210 1148 1099 1049 1050 1178 1304 1302 1168 984 838 798 892 1032 1031 898 780 772 902 1039 1054 969 816 677 610 556 513 490 455 377 281 206 159 129
 571 675 709 666 591 527 422 271 172 189 231 189 116 67 -115 -338 -513 -509 -505 -332 -164 76 166 259 337 464 667 799 979 1222 1326 1401 1420 1388 1310 1169 1066 1154 1310 1307 1180 1037 910 890 1011 1098 1017 939 944 1011 1073 1044 918 806 658 540 474 430 387 342 296 252 210 172 143 126
 259 300 366 343 331 358 405 401 288 153 81 -1 -40 -52 -86 -372 -503 -503 -489 -285 62 159 315 464 601 723 887 1123 1266 1252 1195 1296 1453 1538 1491 1388 1320 1355 1428 1409 1320 1217 1140 1108 1174 1242 1196 1114 1067 997 891 801 694 608 581 616 664 626 482 348 280 250 234 219 189 148
 86 79 115 114 118 128 123 171 192 128 -16 -59 -153 -202 -458 -494 -495 -472 -393 -201 136 258 402 557 752 939 1162 1390 1414 1267 1145 1154 1289 1454 1452 1326 1252 1313 1384 1306 1240 1265 1308 1314 1321 1278 1161 1035 962 894 803 737 729 774 830 850 788 626 448 341 348 404 433 384 300 250
 -15 -50 -48 -64 -52 -60 -65 -64 -101 -159 -149 -301 -402 -468 -485 -482 -472 -427 102 176 307 476 589 647 760 927 1172 1444 1515 1379 1187 1084 1122 1211 1197 1019 957 1056 1107 1028 996 1113 1189 1107 1058 1038 955 904 973 1117 1150 1039 940 876 809 726 587 450 391 431 545 665 697 606 494 420
 -175 -214 -228 -257 -293 -307 -272 -194 -226 -378 -444 -461 -474 -469 -471 -470 -461 79 160 327 527 728 883 924 970 1125 1319 1401 1357 1277 1110 966 936 963 952 842 746 794 823 797 848 975 1086 1033 888 800 808 889 968 1052 999 846 737 659 601 535 467 441 486 609 769 890 931 896 776 662
 -340 -315 -328 -336 -351 -375 -398 -413 -432 -454 -456 -432 -389 -298 -384 -415 -359 127 219 376 592 830 1038 1151 1177 1188 1208 1161 1038 933 844 732 693 670 645 590 542 545 563 587 626 680 763 804 741 686 770 940 1019 929 787 671 604 571 563 589 628 678 762 859 958 991 983 956 934 917
 -349 -343 -339 -334 -332 -339 -353 -363 -375 -385 -375 -350 -325 -333 -373 -322 -254 79 146 256 367 443 594 832 956 969 966 900 809 714 626 566 498 445 399 381 366 361 380 415 469 529 569 579 589 660 827 1005 1064 992 871 779 812 887 916 974 1024 1015 1017 999 977 946 861 807 846 886
 -335 -331 -330 -319 -319 -309 -302 -306 -280 -246 -288 -318 -327 -330 -301 -188 52 69 89 126 191 261 347 511 635 632 620 590 527 450 374 333 319 308 306 319 343 392 422 397 390 444 509 590 696 778 925 1105 1185 1185 1153 1145 1178 1217 1198 1186 1084 957 871 777 772 750 639 594 643 629
 -98 54 96 139 155 121 74 -62 -89 -185 -247 79 104 136 151 193 259 299 267 206 155 148 190 267 344 352 330 301 276 262 284 320 357 410 488 531 581 699 780 728 570 539 625 703 769 863 968 1055 1174 1297 1337 1258 1168 1151 1188 1110 960 791 634 538 495 451 393 341 330 308
