data/down_sampled_DEMs/river.asc
ncols        22
nrows        22
xllcorner    -125.766666666667
yllcorner    50.683333333333
cellsize     0.012500000001
NODATA_value -32767
1192 976 447 166 375 700 903 1281 1408 1421 839 830 743 699 441 193 110 -239 -360 -358 -246 256
1309 1056 834 534 146 395 843 1061 1352 1357 982 1274 1182 911 1023 1044 799 178 -345 -373 -323 183
1398 1195 1170 1012 394 124 501 871 1220 1417 1397 1501 1401 1224 1052 794 442 -103 -381 -227 285 723
709 571 508 530 418 444 124 164 472 850 1069 755 662 480 668 348 -143 -369 -396 118 763 1309
1181 1226 1073 905 935 947 638 318 82 261 209 -27 -149 -124 27 51 -283 -410 -195 275 636 956
1362 1378 1198 1230 1352 1154 954 646 392 146 -59 -396 -454 -447 -437 -431 -428 -421 -86 340 872 927
1297 1286 949 727 893 712 283 39 -211 -339 -407 -400 -296 -429 -443 -441 -428 -283 79 463 1013 1287
708 956 1164 918 623 501 224 -176 -492 -486 -279 142 491 388 492 275 97 112 191 477 1079 1325
506 384 925 1234 1034 601 3 -489 -498 -108 568 843 1020 905 732 823 1021 555 446 646 1092 1245
495 326 779 930 1102 734 131 -463 -505 -258 543 1022 1416 1373 1259 1148 1267 1344 1299 1379 1724 1621
723 445 312 298 678 936 263 -391 -508 -490 53 678 807 968 1332 1601 1735 1747 1538 1259 1275 1062
986 896 813 481 219 609 527 207 -258 -497 -508 -335 159 642 935 1403 1329 1220 1410 1184 826 901
849 895 598 439 314 232 878 988 601 -41 -431 -511 -490 -7 524 620 637 718 885 1162 1174 1321
1171 1319 1091 996 625 200 371 900 719 182 -282 -512 -511 -38 560 791 818 1003 1131 1160 1353 1449
1189 1088 1227 1126 801 382 -16 144 142 -31 -467 -514 -72 380 942 1370 1451 1562 1509 1493 1189 1200
443 761 1269 1192 574 -28 -436 -512 -467 -409 -504 -382 161 442 639 948 1065 1223 1057 1318 1301 928
524 420 945 737 294 -259 -515 -513 -26 52 225 551 903 843 535 438 542 766 686 966 917 794
468 314 636 335 115 -489 -273 62 601 621 726 877 1045 1151 837 691 729 485 407 354 337 268
850 454 297 432 -6 -441 -268 315 401 705 980 900 1135 1169 787 939 825 866 755 660 453 186
351 352 271 99 -102 -466 -241 295 725 1190 1297 1390 1286 1253 1130 1120 960 790 666 447 300 214
-190 -232 -240 -359 -426 -320 309 807 1094 1278 963 898 792 850 963 865 999 771 611 567 825 740
-219 -170 -228 -257 -177 20 200 399 644 536 408 398 480 497 625 909 1139 1066 1071 844 698 598